0 0 0 0 0 0 0 0 0 0 0 0 0 0 0 0 0 0 0 0 0 0 0 0 0 0 0 0
0 0 0 0 0 0 0 0 0 0 0 0 0 0 0 0 0 0 0 0 0 0 0 0 0 0 0 0
0 0 0 0 0 0 0 0 0 0 0 0 0 0 0 0 0 0 0 0 0 0 0 0 0 0 0 0
0 0 0 0 0 0 0 0 0 0 0 0 0 0 0 0 0 0 0 0 0 0 0 0 0 0 0 0
0 0 0 0 0 0 0 0 0 0 0 0 0 0 0 0 0 0 0 0 0 0 0 0 0 0 0 0
1 1 0 0 0 7 44 56 93 105 104 104 105 72 53 39 28 0 0 0 0 0 0 1 0 0 0 0
1 1 12 55 145 190 150 120 126 111 112 112 115 103 132 202 220 144 109 133 106 46 1 0 0 0 0 0
1 0 64 203 255 175 0 0 0 0 0 0 0 0 0 7 30 50 58 80 105 219 206 98 0 0 12 21
0 0 70 216 255 162 0 0 0 0 0 0 0 0 0 0 0 0 0 0 66 238 253 117 0 23 198 235
2 1 34 117 205 210 109 61 34 6 0 0 0 0 0 10 35 78 139 157 198 130 39 0 0 77 255 255
0 1 0 0 0 49 115 129 164 131 163 159 159 158 158 165 164 141 105 36 2 0 0 0 2 130 254 217
0 0 0 0 0 0 0 0 0 10 31 33 33 34 31 11 0 0 0 0 0 0 0 0 14 196 247 156
0 0 0 0 0 0 0 0 0 0 0 0 0 0 0 0 0 0 0 0 0 0 0 0 81 243 248 57
0 0 0 0 0 0 0 0 0 0 0 0 0 0 0 0 0 0 0 0 0 0 0 0 92 255 255 56
0 0 0 0 0 0 0 0 0 0 0 0 0 0 0 0 0 0 0 0 0 0 0 0 89 255 255 57
0 0 0 0 0 0 0 0 0 0 0 0 0 0 0 0 0 0 0 0 0 0 0 0 83 255 255 60
0 0 0 0 0 0 0 0 0 0 0 0 0 0 0 0 0 0 0 0 0 0 0 0 109 255 248 45
0 0 0 0 0 0 0 0 0 0 0 0 0 0 0 0 0 0 0 0 1 1 0 56 224 242 93 0
2 1 27 83 114 81 0 0 0 0 0 0 0 0 0 0 0 0 0 0 0 0 74 238 241 94 0 1
2 2 18 73 162 184 157 128 133 121 87 106 104 105 105 105 105 105 105 104 105 133 210 182 69 0 0 1
0 0 0 0 0 0 26 39 64 70 86 114 112 112 112 112 112 112 112 112 114 92 34 0 0 0 0 0
0 0 0 0 0 0 0 0 0 0 0 0 0 0 0 0 0 0 0 0 0 0 0 0 0 0 0 0
0 0 0 0 0 0 0 0 0 0 0 0 0 0 0 0 0 0 0 0 0 0 0 0 0 0 0 0
0 0 0 0 0 0 0 0 0 0 0 0 0 0 0 0 0 0 0 0 0 0 0 0 0 0 0 0
0 0 0 0 0 0 0 0 0 0 0 0 0 0 0 0 0 0 0 0 0 0 0 0 0 0 0 0
0 0 0 0 0 0 0 0 0 0 0 0 0 0 0 0 0 0 0 0 0 0 0 0 0 0 0 0
0 0 0 0 0 0 0 0 0 0 0 0 0 0 0 0 0 0 0 0 0 0 0 0 0 0 0 0
0 0 0 0 0 0 0 0 0 0 0 0 0 0 0 0 0 0 0 0 0 0 0 0 0 0 0 0
