0 0 0 0 0 0 0 0 0 0 0 0 0 0 0 0 0 0 0 0 0 0 0 0 0 0 0 0
0 0 0 0 0 0 0 0 0 0 0 0 0 0 0 0 0 0 0 0 0 0 0 0 0 0 0 0
0 0 0 0 0 0 0 0 0 0 0 0 0 0 0 0 0 0 0 0 0 0 0 0 0 0 0 0
0 0 0 0 0 0 0 0 0 0 0 0 0 0 0 0 0 0 0 0 0 0 0 0 0 0 0 0
0 0 0 0 0 0 0 0 0 0 0 0 0 0 0 0 1 1 1 0 0 0 0 0 0 0 1 1
0 0 0 0 0 0 0 0 0 0 0 0 0 0 0 0 1 0 0 7 78 165 174 174 169 67 1 2
0 0 0 0 0 0 0 0 0 0 0 0 0 0 0 0 0 4 83 194 255 255 255 255 254 79 0 1
0 0 0 0 0 0 0 0 0 1 1 0 0 0 0 17 130 218 255 229 137 190 255 255 237 72 0 0
0 0 0 0 0 0 0 0 0 0 0 0 18 70 149 232 255 198 119 20 8 179 255 255 237 72 0 0
0 0 0 0 0 0 0 0 0 2 58 140 233 255 221 153 61 3 0 0 18 183 255 255 237 72 0 0
0 0 0 1 2 0 0 17 92 199 255 251 190 86 13 0 0 0 0 0 18 183 255 255 237 72 0 0
0 0 0 0 0 22 126 220 255 239 138 42 0 0 0 1 0 0 0 0 12 180 255 255 245 78 0 0
0 0 0 38 143 219 255 211 112 38 0 0 0 1 0 0 1 1 1 1 45 201 254 245 193 44 0 1
0 40 133 242 255 213 121 25 0 0 0 0 0 0 0 0 1 2 0 0 143 254 255 255 114 0 0 1
161 245 240 174 91 14 0 0 1 1 0 0 0 0 0 0 0 0 0 9 168 255 255 232 80 0 1 1
160 96 36 0 0 0 1 1 1 1 0 0 0 0 0 0 2 1 47 175 243 238 183 60 0 1 1 1
0 0 0 0 0 0 0 0 0 0 0 0 0 0 0 0 1 38 204 255 255 215 46 0 1 2 1 1
0 0 0 0 0 0 0 0 0 0 0 0 0 0 0 0 0 44 219 255 255 212 39 0 0 0 0 0
0 0 0 0 0 0 0 0 0 0 0 0 0 0 0 0 0 42 214 255 255 213 42 0 0 0 0 0
0 0 0 0 0 0 0 0 0 0 0 0 0 0 0 0 0 42 214 255 255 213 42 0 0 0 0 0
0 0 0 0 0 0 0 0 0 0 0 0 0 0 0 0 0 43 220 255 255 219 43 0 0 0 0 0
0 0 0 0 0 0 0 0 0 0 0 0 0 0 0 0 0 39 197 235 235 197 39 0 0 0 0 0
0 0 0 0 0 0 0 0 0 0 0 0 0 0 0 0 1 3 12 15 15 13 3 0 0 0 0 0
0 0 0 0 0 0 0 0 0 0 0 0 0 0 0 0 0 0 0 0 0 0 0 0 0 0 0 0
0 0 0 0 0 0 0 0 0 0 0 0 0 0 0 0 0 0 0 0 0 0 0 0 0 0 0 0
0 0 0 0 0 0 0 0 0 0 0 0 0 0 0 0 0 0 0 0 0 0 0 0 0 0 0 0
0 0 0 0 0 0 0 0 0 0 0 0 0 0 0 0 0 0 0 0 0 0 0 0 0 0 0 0
0 0 0 0 0 0 0 0 0 0 0 0 0 0 0 0 0 0 0 0 0 0 0 0 0 0 0 0
