0 0 0 0 0 0 0 0 0 0 0 0 0 0 0 0 0 0 0 0 0 0 0 0 0 0 0 0
0 0 0 0 0 0 0 0 0 0 0 0 0 0 0 0 0 0 0 0 0 0 0 0 0 0 0 0
0 0 0 0 0 0 0 0 0 0 0 0 0 0 0 0 0 0 0 0 0 0 0 0 0 0 0 0
0 0 0 0 0 0 0 0 0 0 0 0 0 0 0 0 0 0 0 0 0 0 0 0 0 0 0 0
0 0 0 0 0 0 0 0 0 0 0 0 0 0 0 0 0 0 0 0 0 0 0 0 0 0 0 0
0 0 0 1 1 0 0 0 0 27 65 83 108 134 131 131 134 94 81 66 37 7 0 0 0 0 0 0
0 0 0 0 0 10 58 118 156 174 142 110 78 85 83 83 86 80 96 142 147 157 159 91 31 0 0 1
0 0 5 55 146 206 203 132 50 12 0 0 0 0 0 0 0 0 0 0 0 22 149 255 215 64 1 1
1 15 114 190 193 79 10 0 0 0 0 0 0 0 0 0 0 0 0 0 0 0 80 255 255 133 0 0
0 2 9 0 0 0 0 0 0 0 0 0 0 0 0 0 0 0 0 0 0 0 88 255 255 126 0 0
0 0 0 0 0 0 0 0 0 0 0 0 0 0 0 0 0 0 0 0 0 0 85 255 254 122 0 2
0 0 0 0 0 0 0 0 0 0 0 0 0 0 0 0 0 0 0 0 0 3 179 255 217 35 0 1
0 0 0 0 0 0 0 0 0 0 0 0 0 0 0 0 1 1 1 0 34 160 255 179 59 0 0 0
0 0 0 0 0 0 0 0 0 0 0 0 0 0 0 0 0 0 0 66 210 252 123 8 0 0 0 0
0 0 0 0 0 0 0 0 0 0 0 0 1 0 0 0 0 58 137 227 196 79 0 0 1 0 0 0
0 0 0 0 0 0 0 0 0 0 0 0 0 0 35 118 191 206 156 51 2 0 0 1 1 0 0 0
0 0 0 0 0 0 0 0 0 0 0 5 74 159 223 186 112 19 0 0 0 0 0 0 0 0 0 0
0 0 0 0 0 0 0 0 7 74 141 196 201 133 50 0 0 0 0 0 0 0 0 0 0 0 0 0
0 0 0 0 0 0 48 140 210 235 150 61 6 0 0 0 1 0 0 0 0 0 0 0 0 0 0 0
1 0 0 26 100 163 189 130 58 7 0 0 0 0 0 0 0 0 0 0 0 5 21 20 20 21 8 1
0 77 186 255 255 199 152 117 119 125 132 132 132 132 132 132 132 132 136 115 143 167 165 164 164 167 54 0
0 58 103 103 92 68 72 77 78 78 78 78 78 78 78 78 78 77 79 59 41 21 2 2 2 3 1 0
0 0 0 0 0 0 0 0 0 0 0 0 0 0 0 0 0 0 0 0 0 0 0 0 0 0 0 0
0 0 0 0 0 0 0 0 0 0 0 0 0 0 0 0 0 0 0 0 0 0 0 0 0 0 0 0
0 0 0 0 0 0 0 0 0 0 0 0 0 0 0 0 0 0 0 0 0 0 0 0 0 0 0 0
0 0 0 0 0 0 0 0 0 0 0 0 0 0 0 0 0 0 0 0 0 0 0 0 0 0 0 0
0 0 0 0 0 0 0 0 0 0 0 0 0 0 0 0 0 0 0 0 0 0 0 0 0 0 0 0
0 0 0 0 0 0 0 0 0 0 0 0 0 0 0 0 0 0 0 0 0 0 0 0 0 0 0 0
