0 0 0 0 0 0 0 0 0 0 0 0 0 0 0 0 0 0 0 0 0 0 0 0 0 0 0 0
0 0 0 0 0 0 0 0 0 0 0 0 0 0 0 0 0 0 0 0 0 0 0 0 0 0 0 0
0 0 0 0 0 0 0 0 0 0 0 0 0 0 0 0 0 0 0 0 0 0 0 0 0 0 0 0
0 0 0 0 0 0 0 0 0 0 0 0 0 0 0 0 0 0 0 0 0 0 0 0 0 0 0 0
0 0 0 0 0 0 0 0 0 0 0 0 0 0 0 0 0 0 0 0 0 0 0 0 0 0 0 0
0 0 0 0 0 0 0 0 0 0 0 0 0 0 0 0 0 0 0 0 0 0 0 0 0 0 0 0
0 0 0 0 0 1 0 0 0 0 13 72 125 123 152 155 133 127 75 27 0 0 0 0 0 0 0 0
0 0 0 0 0 0 0 10 84 151 183 158 110 59 49 50 55 99 145 174 159 110 42 0 0 1 0 0
0 0 0 0 0 40 144 194 163 85 24 0 0 0 0 0 0 0 0 5 53 130 214 165 18 0 0 0
0 0 0 23 161 227 146 51 0 0 0 0 0 0 0 0 0 0 0 0 0 0 53 213 204 50 0 0
0 0 74 209 192 60 0 0 0 0 0 0 0 0 0 0 0 0 0 0 0 0 0 28 218 234 54 0
0 105 254 179 8 0 0 0 0 0 0 0 0 0 0 0 0 0 0 0 0 0 1 0 30 210 213 43
53 251 224 15 0 0 0 0 0 0 0 0 0 0 0 0 0 0 0 0 0 0 1 0 0 194 255 84
100 255 169 0 1 0 0 0 0 0 0 0 0 0 0 0 0 0 0 0 0 0 0 0 0 196 255 77
228 213 40 0 1 0 0 0 0 0 0 0 0 0 0 0 0 0 0 0 0 0 0 0 0 196 255 77
255 131 0 1 1 0 0 0 0 0 0 0 0 0 0 0 0 0 0 0 0 0 0 0 0 194 255 81
255 127 0 0 0 0 0 0 0 0 0 0 0 0 0 0 0 0 0 0 0 0 0 0 86 255 199 23
255 126 0 0 0 0 0 0 0 0 0 0 0 0 0 0 0 0 0 0 1 0 0 111 233 148 25 0
255 140 0 0 1 0 0 0 0 0 0 0 0 0 0 0 0 0 0 2 0 0 146 242 102 0 0 0
180 241 93 0 0 0 0 0 0 0 0 0 0 0 0 0 0 0 0 0 41 176 237 101 0 0 0 0
3 164 255 135 10 0 0 0 0 0 0 0 0 0 0 0 0 0 8 134 236 171 36 0 0 1 0 0
0 0 88 221 208 86 4 0 0 0 0 0 0 0 0 0 15 96 203 209 94 0 0 0 0 0 0 0
0 0 0 15 106 204 197 79 0 0 0 0 0 0 27 117 199 184 89 0 0 0 0 0 0 0 0 0
0 0 0 0 0 6 106 193 158 116 120 119 121 146 189 152 70 0 0 0 0 0 0 0 0 0 0 0
0 0 0 0 0 0 0 3 49 90 97 96 98 69 18 0 0 0 0 0 0 0 0 0 0 0 0 0
0 0 0 0 0 0 0 0 0 0 0 0 0 0 0 0 0 0 0 0 0 0 0 0 0 0 0 0
0 0 0 0 0 0 0 0 0 0 0 0 0 0 0 0 0 0 0 0 0 0 0 0 0 0 0 0
0 0 0 0 0 0 0 0 0 0 0 0 0 0 0 0 0 0 0 0 0 0 0 0 0 0 0 0
