0 0 0 0 0 0 0 0 0 0 0 0 0 0 0 0 0 0 0 0 0 0 0 0 0 0 0 0
0 0 0 0 0 0 0 0 0 0 0 0 0 0 0 0 0 0 0 0 0 0 0 0 0 0 0 0
0 0 0 0 0 0 0 0 0 0 0 0 0 0 0 0 0 0 0 0 0 0 0 0 0 0 0 0
0 0 0 0 0 0 0 0 0 0 0 0 6 17 53 67 67 67 59 15 0 0 0 0 0 0 0 0
0 0 0 0 0 0 0 8 28 78 108 137 169 137 155 143 143 143 153 206 177 69 0 1 1 1 0 0
0 0 0 0 42 110 161 175 159 136 93 58 21 0 0 0 0 0 0 116 255 246 48 0 1 1 0 0
10 63 151 198 206 144 65 18 0 0 0 0 0 0 0 0 0 0 0 77 255 252 57 0 0 0 0 0
31 99 130 95 11 0 0 0 0 0 0 0 0 0 0 0 0 0 77 210 224 99 5 1 2 0 0 0
0 0 0 0 0 0 0 0 0 0 0 0 0 1 1 0 1 104 255 208 59 0 0 0 0 0 0 0
0 0 0 0 0 0 0 0 0 0 0 0 0 0 0 61 190 247 147 14 0 0 0 0 0 0 0 0
0 0 0 0 0 0 0 0 0 0 0 0 9 91 161 183 123 27 0 0 0 0 0 0 0 0 0 0
0 0 0 0 0 1 1 1 3 29 92 144 209 255 244 155 133 120 91 63 19 0 0 0 1 0 0 0
0 0 0 0 0 0 0 0 3 63 162 114 65 41 42 54 58 77 104 138 183 162 82 2 0 0 0 0
0 0 0 0 0 0 0 0 0 0 0 0 0 0 0 0 0 0 0 0 27 169 249 155 12 0 0 0
0 0 0 0 0 0 0 0 0 0 0 0 0 0 0 0 0 1 1 1 0 0 106 237 184 38 0 1
0 0 0 0 0 0 0 0 0 0 0 0 0 0 0 0 0 0 0 0 0 0 0 154 255 202 25 1
0 0 0 0 0 0 0 0 0 0 0 0 0 0 0 0 0 0 0 0 0 0 0 111 255 246 57 0
0 0 0 0 0 0 0 0 0 0 0 0 0 0 0 0 0 0 0 0 12 70 164 207 139 34 0 1
0 0 0 0 0 0 0 0 0 0 0 0 0 0 0 0 0 27 61 143 194 179 102 26 0 0 0 0
0 0 0 0 0 0 0 0 0 0 6 17 62 75 87 130 163 162 149 105 56 0 0 0 0 0 0 0
0 1 1 1 12 43 130 132 134 153 165 144 159 106 87 72 50 1 0 0 0 0 0 0 0 0 0 0
0 0 0 0 5 21 76 78 74 47 19 1 0 0 0 0 0 0 0 0 0 0 0 0 0 0 0 0
0 0 0 0 0 0 0 0 0 0 0 0 0 0 0 0 0 0 0 0 0 0 0 0 0 0 0 0
0 0 0 0 0 0 0 0 0 0 0 0 0 0 0 0 0 0 0 0 0 0 0 0 0 0 0 0
0 0 0 0 0 0 0 0 0 0 0 0 0 0 0 0 0 0 0 0 0 0 0 0 0 0 0 0
0 0 0 0 0 0 0 0 0 0 0 0 0 0 0 0 0 0 0 0 0 0 0 0 0 0 0 0
0 0 0 0 0 0 0 0 0 0 0 0 0 0 0 0 0 0 0 0 0 0 0 0 0 0 0 0
0 0 0 0 0 0 0 0 0 0 0 0 0 0 0 0 0 0 0 0 0 0 0 0 0 0 0 0
