0 0 0 0 0 0 0 0 0 0 0 0 0 0 0 0 0 0 0 0 0 0 0 0 0 0 0 0
0 0 0 0 0 0 0 0 0 0 0 0 0 0 0 0 0 0 0 0 0 0 0 0 0 0 0 0
0 0 0 0 0 0 0 0 0 0 0 0 0 0 0 0 0 0 0 0 0 0 0 0 0 0 0 0
0 0 0 0 0 0 0 0 0 0 0 0 0 0 0 0 0 0 0 0 0 0 0 0 0 0 0 0
0 0 0 0 0 0 0 0 0 12 52 94 101 122 126 132 132 123 123 34 0 0 3 13 32 37 0 0
1 1 1 0 0 11 63 146 173 177 158 125 113 89 88 147 189 248 244 185 161 162 172 135 138 188 191 149
2 0 0 2 95 207 235 167 60 17 0 0 0 0 0 0 0 11 12 23 28 28 26 2 0 46 255 255
0 0 72 177 234 175 51 0 0 0 0 0 0 0 0 0 0 0 0 0 0 0 0 0 50 168 255 201
14 146 254 254 98 0 0 0 0 0 0 0 0 0 0 0 0 0 0 0 0 12 89 187 241 191 98 11
8 67 138 183 170 161 104 76 51 18 0 0 0 0 0 0 0 0 35 82 152 197 204 138 59 0 0 0
0 0 0 0 23 83 98 133 143 166 168 156 121 51 52 36 59 153 230 207 129 28 0 0 0 0 0 0
0 0 0 0 0 0 0 0 0 12 32 53 101 156 255 253 217 183 210 161 130 81 34 2 0 0 0 0
0 0 0 0 0 2 1 0 0 0 11 92 180 217 163 65 14 0 10 54 93 151 187 211 153 77 2 0
0 0 0 0 0 2 1 0 15 118 218 241 151 51 0 0 0 0 0 0 0 0 5 101 215 243 151 29
0 0 0 0 0 1 0 77 215 255 197 51 0 0 1 0 0 0 0 0 1 1 0 0 21 188 255 222
0 0 0 0 0 0 64 232 255 201 21 0 0 1 1 0 0 0 0 0 0 0 0 0 2 188 255 255
0 0 0 0 0 1 105 244 255 179 17 0 0 0 0 0 0 0 0 0 0 0 0 0 0 196 255 255
0 0 0 0 0 1 2 40 104 148 197 137 146 126 116 94 88 54 71 67 66 67 67 71 153 222 198 111
0 0 0 0 0 0 0 0 0 0 16 33 63 88 99 99 101 107 147 142 142 143 137 101 101 34 11 0
0 0 0 0 0 0 0 0 0 0 0 0 0 0 0 0 0 0 0 0 0 0 0 0 0 0 0 0
0 0 0 0 0 0 0 0 0 0 0 0 0 0 0 0 0 0 0 0 0 0 0 0 0 0 0 0
0 0 0 0 0 0 0 0 0 0 0 0 0 0 0 0 0 0 0 0 0 0 0 0 0 0 0 0
0 0 0 0 0 0 0 0 0 0 0 0 0 0 0 0 0 0 0 0 0 0 0 0 0 0 0 0
0 0 0 0 0 0 0 0 0 0 0 0 0 0 0 0 0 0 0 0 0 0 0 0 0 0 0 0
0 0 0 0 0 0 0 0 0 0 0 0 0 0 0 0 0 0 0 0 0 0 0 0 0 0 0 0
0 0 0 0 0 0 0 0 0 0 0 0 0 0 0 0 0 0 0 0 0 0 0 0 0 0 0 0
0 0 0 0 0 0 0 0 0 0 0 0 0 0 0 0 0 0 0 0 0 0 0 0 0 0 0 0
0 0 0 0 0 0 0 0 0 0 0 0 0 0 0 0 0 0 0 0 0 0 0 0 0 0 0 0
