0 0 0 0 0 0 0 0 0 0 0 0 0 0 0 0 0 0 0 0 0 0 0 0 0 0 0 0
0 0 0 0 0 0 0 0 0 0 0 0 0 0 0 0 0 0 0 0 0 0 0 0 0 0 0 0
0 0 0 0 0 0 0 0 0 0 0 0 0 0 0 0 0 0 0 0 0 0 0 0 0 0 0 0
0 0 0 0 0 0 0 0 0 0 0 0 0 0 0 0 0 0 0 0 0 0 0 0 0 0 0 0
0 0 0 0 0 0 0 0 0 0 0 17 66 96 99 99 99 99 99 99 99 99 100 83 61 71 12 0
0 0 0 0 0 0 0 0 6 83 171 189 148 117 114 114 114 114 114 114 114 114 116 102 116 141 24 0
0 0 1 0 0 0 29 128 198 202 131 28 0 0 0 0 0 0 0 0 0 0 0 0 0 0 0 0
0 0 0 0 84 157 206 166 60 3 0 0 0 0 0 0 0 0 0 0 0 0 0 0 0 0 0 0
0 0 46 177 227 122 31 0 0 0 0 0 0 0 0 0 0 0 0 0 0 0 0 0 0 0 0 0
0 42 223 246 67 0 0 0 0 0 0 0 0 0 0 0 0 0 0 0 0 0 0 0 0 0 0 0
18 204 242 90 0 2 0 0 0 0 0 0 0 0 0 0 0 0 0 0 0 0 0 0 0 0 0 0
141 248 148 0 0 0 0 0 0 0 0 0 0 8 16 16 16 16 16 16 15 0 0 0 0 0 0 0
243 237 37 0 0 1 26 46 62 95 125 128 143 132 167 163 163 163 163 163 163 166 127 112 56 0 0 1
255 246 99 95 136 153 173 154 140 121 106 57 26 9 6 5 5 5 5 4 5 33 61 129 219 186 47 1
255 252 139 86 66 27 4 0 0 0 0 0 0 0 0 0 0 0 0 0 0 0 0 0 123 255 204 0
245 255 52 0 0 0 0 0 0 0 0 0 0 0 0 0 0 0 0 0 0 0 0 2 157 255 177 0
51 206 239 78 0 0 0 0 0 0 0 0 0 0 0 0 0 0 0 0 10 62 132 194 176 84 12 1
0 22 140 216 167 67 4 0 0 0 0 0 0 0 0 0 13 43 95 145 170 175 121 55 0 0 0 0
0 0 0 23 123 183 174 152 127 126 127 126 127 119 119 148 156 146 125 99 23 0 0 0 0 0 0 0
0 0 0 0 0 0 26 51 88 88 87 87 87 80 55 40 14 0 0 0 0 0 0 0 0 0 0 0
0 0 0 0 0 0 0 0 0 0 0 0 0 0 0 0 0 0 0 0 0 0 0 0 0 0 0 0
0 0 0 0 0 0 0 0 0 0 0 0 0 0 0 0 0 0 0 0 0 0 0 0 0 0 0 0
0 0 0 0 0 0 0 0 0 0 0 0 0 0 0 0 0 0 0 0 0 0 0 0 0 0 0 0
0 0 0 0 0 0 0 0 0 0 0 0 0 0 0 0 0 0 0 0 0 0 0 0 0 0 0 0
0 0 0 0 0 0 0 0 0 0 0 0 0 0 0 0 0 0 0 0 0 0 0 0 0 0 0 0
0 0 0 0 0 0 0 0 0 0 0 0 0 0 0 0 0 0 0 0 0 0 0 0 0 0 0 0
0 0 0 0 0 0 0 0 0 0 0 0 0 0 0 0 0 0 0 0 0 0 0 0 0 0 0 0
0 0 0 0 0 0 0 0 0 0 0 0 0 0 0 0 0 0 0 0 0 0 0 0 0 0 0 0
